128.4			128.4			0			0.1			0			0			0			0			
65.81			65.81			0			0			0.1			0			0			0			
-1.138			-1.138			0			0			0			0.1			0			0			
0			-1			-1			0			0			0			0.1			0			
-0			-1			-1			0			0			0			0			0.1			


128.4			128.4			128.4			0.1			0			0			0			0			
66.02			65.89			65.81			0			0.1			0			0			0			
-1.107			-1.127			-1.138			0			0			0.1			0			0			
0			-1			-1			0			0			0			0.1			0			
-0			-1			-1			0			0			0			0			0.1			


128.4			128.4			128.4			0.1			0			0			0			0			
66.02			65.93			65.89			0			0.1			0			0			0			
-1.107			-1.12			-1.127			0			0			0.1			0			0			
0			-1			-1			0			0			0			0.1			0			
-0			-1			-1			0			0			0			0			0.1			


128.4			128.4			128.4			0.1			0			0			0			0			
66.02			65.96			65.93			0			0.1			0			0			0			
-1.107			-1.116			-1.12			0			0			0.1			0			0			
0			-1			-1			0			0			0			0.1			0			
-0			-1			-1			0			0			0			0			0.1			


128.4			128.4			128.4			0.1			0			0			0			0			
66.02			65.97			65.96			0			0.1			0			0			0			
-1.107			-1.114			-1.116			0			0			0.1			0			0			
0			-1			-1			0			0			0			0.1			0			
-0			-1			-1			0			0			0			0			0.1			


128.4			128.4			128.4			0.1			0			0			0			0			
66.02			65.98			65.97			0			0.1			0			0			0			
-1.107			-1.112			-1.114			0			0			0.1			0			0			
0			-1			-1			0			0			0			0.1			0			
-0			-1			-1			0			0			0			0			0.1			


128.4			128.3			128.3			0.1			0			0			0			0			
66.02			66.07			66.09			0			0.1			0			0			0			
-1.071			-1.101			-1.112			0			0			0.1			0			0			
2.576			-1			-1			0			0			0			0.1			0			
-0			-1			-1			0			0			0			0			0.1			


128.2			128.1			128.1			0.1			0			0			0			0			
66.02			66.45			66.61			0			0.1			0			0			0			
-1.144			-0.9298			-0.8751			0			0			0.1			0			0			
6.44			-1			-1			0			0			0			0.1			0			
2.43			-1			-1			0			0			0			0			0.1			


128.2			127.9			127.8			0.1			0			0			0			0			
66.02			66.66			66.88			0			0.1			0			0			0			
-1.077			-0.8001			-0.7305			0			0			0.1			0			0			
6.44			-1			-1			0			0			0			0.1			0			
2.43			-1			-1			0			0			0			0			0.1			


128			127.6			127.5			0.1			0			0			0			0			
66.83			67.03			67.08			0			0.1			0			0			0			
-0.7854			-0.8194			-0.8001			0			0			0.1			0			0			
10.03			-1			-1			0			0			0			0.1			0			
-0			-1			-1			0			0			0			0			0.1			


127.8			127.4			127.3			0.1			0			0			0			0			
67.03			67.3			67.39			0			0.1			0			0			0			
-0.838			-0.8352			-0.8194			0			0			0.1			0			0			
10.03			-1			-1			0			0			0			0.1			0			
-0			-1			-1			0			0			0			0			0.1			


127.4			127.1			127			0.1			0			0			0			0			
67.64			67.74			67.76			0			0.1			0			0			0			
-0.7854			-0.8429			-0.8352			0			0			0.1			0			0			
10.03			-1			-1			0			0			0			0.1			0			
-0			-1			-1			0			0			0			0			0.1			


127.4			127			126.8			0.1			0			0			0			0			
67.84			68.02			68.07			0			0.1			0			0			0			
-0.7854			-0.8538			-0.8429			0			0			0.1			0			0			
10.03			-1			-1			0			0			0			0.1			0			
-0			-1			-1			0			0			0			0			0.1			


126.5			126.5			126.5			0.1			0			0			0			0			
68.45			68.57			68.62			0			0.1			0			0			0			
-0.9098			-0.8597			-0.8538			0			0			0.1			0			0			
10.03			-1			-1			0			0			0			0.1			0			
-0			-1			-1			0			0			0			0			0.1			


126.5			126.2			126.1			0.1			0			0			0			0			
69.06			69.1			69.07			0			0.1			0			0			0			
-0.838			-0.8974			-0.8597			0			0			0.1			0			0			
10.03			-1			-1			0			0			0			0.1			0			
-0			-1			-1			0			0			0			0			0.1			


125.7			125.8			125.8			0.1			0			0			0			0			
69.47			69.55			69.59			0			0.1			0			0			0			
-0.9601			-0.8929			-0.8974			0			0			0.1			0			0			
10.03			-1			-1			0			0			0			0.1			0			
-0			-1			-1			0			0			0			0			0.1			


125.7			125.4			125.2			0.1			0			0			0			0			
70.08			70.22			70.24			0			0.1			0			0			0			
-0.7854			-0.9062			-0.8929			0			0			0.1			0			0			
10.03			-1			-1			0			0			0			0.1			0			
-0			-1			-1			0			0			0			0			0.1			


124.9			125			125.1			0.1			0			0			0			0			
70.89			70.69			70.63			0			0.1			0			0			0			
-0.7854			-0.8838			-0.9062			0			0			0.1			0			0			
10.03			-1			-1			0			0			0			0.1			0			
-0			-1			-1			0			0			0			0			0.1			


124.9			124.8			124.8			0.1			0			0			0			0			
71.09			71.05			71.02			0			0.1			0			0			0			
-0.838			-0.8891			-0.8838			0			0			0.1			0			0			
10.03			-1			-1			0			0			0			0.1			0			
-0			-1			-1			0			0			0			0			0.1			


124.5			124.4			124.3			0.1			0			0			0			0			
71.7			71.7			71.69			0			0.1			0			0			0			
-0.7854			-0.8878			-0.8891			0			0			0.1			0			0			
10.03			-1			-1			0			0			0			0.1			0			
-0			-1			-1			0			0			0			0			0.1			


124.1			124			124			0.1			0			0			0			0			
72.31			72.24			72.2			0			0.1			0			0			0			
-0.7854			-0.8868			-0.8878			0			0			0.1			0			0			
10.03			-1			-1			0			0			0			0.1			0			
-0			-1			-1			0			0			0			0			0.1			


123.7			123.6			123.5			0.1			0			0			0			0			
72.72			72.81			72.84			0			0.1			0			0			0			
-0.838			-0.8838			-0.8868			0			0			0.1			0			0			
10.03			-1			-1			0			0			0			0.1			0			
-0			-1			-1			0			0			0			0			0.1			


123.3			123.1			123.1			0.1			0			0			0			0			
73.33			73.42			73.44			0			0.1			0			0			0			
-0.7854			-0.8772			-0.8838			0			0			0.1			0			0			
10.03			-1			-1			0			0			0			0.1			0			
-0			-1			-1			0			0			0			0			0.1			


122.5			122.7			122.8			0.1			0			0			0			0			
73.94			73.88			73.87			0			0.1			0			0			0			
-0.9601			-0.8771			-0.8772			0			0			0.1			0			0			
10.03			-1			-1			0			0			0			0.1			0			
-0			-1			-1			0			0			0			0			0.1			


122.5			122.3			122.3			0.1			0			0			0			0			
74.34			74.37			74.36			0			0.1			0			0			0			
-0.838			-0.8857			-0.8771			0			0			0.1			0			0			
10.03			-1			-1			0			0			0			0.1			0			
-0			-1			-1			0			0			0			0			0.1			


122.1			121.9			121.8			0.1			0			0			0			0			
74.75			74.93			75			0			0.1			0			0			0			
-0.838			-0.8803			-0.8857			0			0			0.1			0			0			
10.03			-1			-1			0			0			0			0.1			0			
-0			-1			-1			0			0			0			0			0.1			


121.7			121.6			121.5			0.1			0			0			0			0			
75.77			75.51			75.39			0			0.1			0			0			0			
-0.7328			-0.8884			-0.8803			0			0			0.1			0			0			
10.03			-1			-1			0			0			0			0.1			0			
-0			-1			-1			0			0			0			0			0.1			


121.1			121.2			121.3			0.1			0			0			0			0			
75.97			75.87			75.84			0			0.1			0			0			0			
-0.8961			-0.8789			-0.8884			0			0			0.1			0			0			
10.03			-1			-1			0			0			0			0.1			0			
-0			-1			-1			0			0			0			0			0.1			


120.9			120.8			120.8			0.1			0			0			0			0			
76.38			76.35			76.35			0			0.1			0			0			0			
-0.838			-0.8729			-0.8789			0			0			0.1			0			0			
10.03			-1			-1			0			0			0			0.1			0			
-0			-1			-1			0			0			0			0			0.1			


120.5			120.4			120.4			0.1			0			0			0			0			
76.98			76.92			76.9			0			0.1			0			0			0			
-0.7854			-0.8658			-0.8729			0			0			0.1			0			0			
10.03			-1			-1			0			0			0			0.1			0			
-0			-1			-1			0			0			0			0			0.1			


120			119.9			119.9			0.1			0			0			0			0			
77.39			77.49			77.52			0			0.1			0			0			0			
-0.8851			-0.8731			-0.8658			0			0			0.1			0			0			
10.03			-1			-1			0			0			0			0.1			0			
-0			-1			-1			0			0			0			0			0.1			


119.6			119.5			119.4			0.1			0			0			0			0			
78			78.14			78.18			0			0.1			0			0			0			
-0.838			-0.8779			-0.8731			0			0			0.1			0			0			
10.03			-1			-1			0			0			0			0.1			0			
-0			-1			-1			0			0			0			0			0.1			


119.2			119.1			119.1			0.1			0			0			0			0			
78.81			78.7			78.62			0			0.1			0			0			0			
-0.838			-0.8991			-0.8779			0			0			0.1			0			0			
10.03			-1			-1			0			0			0			0.1			0			
-0			-1			-1			0			0			0			0			0.1			


118.6			118.8			118.9			0.1			0			0			0			0			
79.42			79.14			79.03			0			0.1			0			0			0			
-0.8442			-0.8927			-0.8991			0			0			0.1			0			0			
10.03			-1			-1			0			0			0			0.1			0			
-0			-1			-1			0			0			0			0			0.1			


118.4			118.3			118.3			0.1			0			0			0			0			
79.63			79.72			79.76			0			0.1			0			0			0			
-0.838			-0.8818			-0.8927			0			0			0.1			0			0			
10.03			-1			-1			0			0			0			0.1			0			
-0			-1			-1			0			0			0			0			0.1			


118.2			118			117.9			0.1			0			0			0			0			
80.23			80.23			80.22			0			0.1			0			0			0			
-0.7328			-0.8771			-0.8818			0			0			0.1			0			0			
10.03			-1			-1			0			0			0			0.1			0			
-0			-1			-1			0			0			0			0			0.1			


117.6			117.7			117.7			0.1			0			0			0			0			
80.64			80.6			80.6			0			0.1			0			0			0			
-0.838			-0.863			-0.8771			0			0			0.1			0			0			
10.03			-1			-1			0			0			0			0.1			0			
-0			-1			-1			0			0			0			0			0.1			


117.2			117.3			117.3			0.1			0			0			0			0			
81.25			81.09			81.05			0			0.1			0			0			0			
-0.838			-1.037			-1.087			0			0			0.1			0			0			
6.44			-1			-1			0			0			0			0.1			0			
-2.43			-1			-1			0			0			0			0			0.1			


116.8			117			117			0.1			0			0			0			0			
81.86			81.55			81.44			0			0.1			0			0			0			
-1.107			-1.173			-1.187			0			0			0.1			0			0			
6.44			-1			-1			0			0			0			0.1			0			
-2.43			-1			-1			0			0			0			0			0.1			


116.8			116.8			116.8			0.1			0			0			0			0			
81.86			81.91			81.94			0			0.1			0			0			0			
-1.204			-1.296			-1.331			0			0			0.1			0			0			
6.44			-1			-1			0			0			0			0.1			0			
-2.43			-1			-1			0			0			0			0			0.1			


116.8			116.7			116.7			0.1			0			0			0			0			
82.27			82.35			82.38			0			0.1			0			0			0			
-1.36			-1.462			-1.483			0			0			0.1			0			0			
6.44			-1			-1			0			0			0			0.1			0			
-2.43			-1			-1			0			0			0			0			0.1			


116.8			116.7			116.7			0.1			0			0			0			0			
82.47			82.67			82.75			0			0.1			0			0			0			
-1.429			-1.576			-1.613			0			0			0.1			0			0			
6.44			-1			-1			0			0			0			0.1			0			
-2.43			-1			-1			0			0			0			0			0.1			


116.8			116.7			116.7			0.1			0			0			0			0			
83.08			83.08			83.07			0			0.1			0			0			0			
-1.648			-1.72			-1.729			0			0			0.1			0			0			
6.44			-1			-1			0			0			0			0.1			0			
-2.43			-1			-1			0			0			0			0			0.1			


116.8			116.8			116.8			0.1			0			0			0			0			
83.48			83.57			83.61			0			0.1			0			0			0			
-1.798			-1.894			-1.922			0			0			0.1			0			0			
6.44			-1			-1			0			0			0			0.1			0			
-2.43			-1			-1			0			0			0			0			0.1			


117			117			117			0.1			0			0			0			0			
84.3			84.15			84.1			0			0.1			0			0			0			
-2.111			-2.105			-2.103			0			0			0.1			0			0			
6.44			-1			-1			0			0			0			0.1			0			
-2.43			-1			-1			0			0			0			0			0.1			


117.4			117.3			117.2			0.1			0			0			0			0			
84.7			84.55			84.51			0			0.1			0			0			0			
-2.297			-2.282			-2.26			0			0			0.1			0			0			
6.44			-1			-1			0			0			0			0.1			0			
-2.43			-1			-1			0			0			0			0			0.1			


117.8			117.6			117.5			0.1			0			0			0			0			
84.91			84.86			84.86			0			0.1			0			0			0			
-2.467			-2.461			-2.433			0			0			0.1			0			0			
6.44			-1			-1			0			0			0			0.1			0			
-2.43			-1			-1			0			0			0			0			0.1			


118			118.1			118.1			0.1			0			0			0			0			
85.11			85.21			85.23			0			0.1			0			0			0			
-2.531			-2.653			-2.685			0			0			0.1			0			0			
6.44			-1			-1			0			0			0			0.1			0			
-2.43			-1			-1			0			0			0			0			0.1			


118.4			118.5			118.5			0.1			0			0			0			0			
85.31			85.41			85.44			0			0.1			0			0			0			
-2.793			-2.836			-2.84			0			0			0.1			0			0			
6.44			-1			-1			0			0			0			0.1			0			
-2.43			-1			-1			0			0			0			0			0.1			


118.8			118.9			118.9			0.1			0			0			0			0			
85.52			85.52			85.53			0			0.1			0			0			0			
-3.058			-3.01			-2.996			0			0			0.1			0			0			
6.44			-1			-1			0			0			0			0.1			0			
-2.43			-1			-1			0			0			0			0			0.1			


119			119.2			119.3			0.1			0			0			0			0			
85.52			85.56			85.58			0			0.1			0			0			0			
3.142			3.127			3.122			0			0			0.1			0			0			
6.44			-1			-1			0			0			0			0.1			0			
-2.43			-1			-1			0			0			0			0			0.1			


119.6			119.7			119.7			0.1			0			0			0			0			
85.31			85.48			85.56			0			0.1			0			0			0			
3.065			2.944			2.938			0			0			0.1			0			0			
6.44			-1			-1			0			0			0			0.1			0			
-2.43			-1			-1			0			0			0			0			0.1			


120			120.1			120.1			0.1			0			0			0			0			
85.31			85.37			85.4			0			0.1			0			0			0			
2.82			2.789			2.791			0			0			0.1			0			0			
6.44			-1			-1			0			0			0			0.1			0			
-2.43			-1			-1			0			0			0			0			0.1			


120.7			120.4			120.3			0.1			0			0			0			0			
85.31			85.29			85.28			0			0.1			0			0			0			
2.642			2.683			2.687			0			0			0.1			0			0			
6.44			-1			-1			0			0			0			0.1			0			
-2.43			-1			-1			0			0			0			0			0.1			


120.9			120.7			120.6			0.1			0			0			0			0			
84.91			85.1			85.2			0			0.1			0			0			0			
2.467			2.56			2.608			0			0			0.1			0			0			
6.44			-1			-1			0			0			0			0.1			0			
-2.43			-1			-1			0			0			0			0			0.1			


121.3			121			120.8			0.1			0			0			0			0			
84.91			84.96			84.99			0			0.1			0			0			0			
2.415			2.471			2.482			0			0			0.1			0			0			
6.44			-1			-1			0			0			0			0.1			0			
-2.43			-1			-1			0			0			0			0			0.1			


121.3			121.1			121.1			0.1			0			0			0			0			
84.5			84.75			84.86			0			0.1			0			0			0			
2.415			2.445			2.471			0			0			0.1			0			0			
2.576			-1			-1			0			0			0			0.1			0			
-0			-1			-1			0			0			0			0			0.1			


121.7			121.4			121.3			0.1			0			0			0			0			
84.5			84.58			84.63			0			0.1			0			0			0			
2.232			2.397			2.445			0			0			0.1			0			0			
2.576			-1			-1			0			0			0			0.1			0			
-0			-1			-1			0			0			0			0			0.1			


121.7			121.9			121.9			0.1			0			0			0			0			
84.5			84.22			84.1			0			0.1			0			0			0			
2.232			2.167			2.124			0			0			0.1			0			0			
6.44			-1			-1			0			0			0			0.1			0			
-2.43			-1			-1			0			0			0			0			0.1			


121.9			122.1			122.2			0.1			0			0			0			0			
84.09			83.81			83.71			0			0.1			0			0			0			
2.07			2.143			2.167			0			0			0.1			0			0			
8.097			-1			-1			0			0			0			0.1			0			
-0			-1			-1			0			0			0			0			0.1			


122.1			122.3			122.4			0.1			0			0			0			0			
83.69			83.46			83.38			0			0.1			0			0			0			
2.138			2.134			2.143			0			0			0.1			0			0			
8.097			-1			-1			0			0			0			0.1			0			
-0			-1			-1			0			0			0			0			0.1			


122.5			122.5			122.6			0.1			0			0			0			0			
83.08			83.03			83.02			0			0.1			0			0			0			
2.111			2.124			2.134			0			0			0.1			0			0			
8.097			-1			-1			0			0			0			0.1			0			
-0			-1			-1			0			0			0			0			0.1			


122.5			122.6			122.7			0.1			0			0			0			0			
82.67			82.71			82.74			0			0.1			0			0			0			
2.138			2.106			2.124			0			0			0.1			0			0			
8.097			-1			-1			0			0			0			0.1			0			
-0			-1			-1			0			0			0			0			0.1			


123.1			122.9			122.8			0.1			0			0			0			0			
82.27			82.44			82.49			0			0.1			0			0			0			
2.07			2.109			2.106			0			0			0.1			0			0			
8.097			-1			-1			0			0			0			0.1			0			
-0			-1			-1			0			0			0			0			0.1			


123.3			123.1			123			0.1			0			0			0			0			
82.06			82.18			82.22			0			0.1			0			0			0			
1.997			2.093			2.109			0			0			0.1			0			0			
8.097			-1			-1			0			0			0			0.1			0			
-0			-1			-1			0			0			0			0			0.1			


123.3			123.3			123.3			0.1			0			0			0			0			
81.66			81.79			81.85			0			0.1			0			0			0			
2.111			2.092			2.093			0			0			0.1			0			0			
8.097			-1			-1			0			0			0			0.1			0			
-0			-1			-1			0			0			0			0			0.1			


123.3			123.4			123.5			0.1			0			0			0			0			
81.66			81.52			81.46			0			0.1			0			0			0			
2.138			2.099			2.092			0			0			0.1			0			0			
8.097			-1			-1			0			0			0			0.1			0			
-0			-1			-1			0			0			0			0			0.1			


123.5			123.6			123.6			0.1			0			0			0			0			
81.45			81.26			81.19			0			0.1			0			0			0			
2.07			2.095			2.099			0			0			0.1			0			0			
8.097			-1			-1			0			0			0			0.1			0			
-0			-1			-1			0			0			0			0			0.1			


123.7			123.8			123.8			0.1			0			0			0			0			
81.05			80.96			80.93			0			0.1			0			0			0			
2.07			2.089			2.095			0			0			0.1			0			0			
8.097			-1			-1			0			0			0			0.1			0			
-0			-1			-1			0			0			0			0			0.1			


124.1			124			123.9			0.1			0			0			0			0			
80.64			80.65			80.64			0			0.1			0			0			0			
2.111			2.108			2.089			0			0			0.1			0			0			
8.097			-1			-1			0			0			0			0.1			0			
-0			-1			-1			0			0			0			0			0.1			


124.1			124.1			124.1			0.1			0			0			0			0			
80.44			80.43			80.43			0			0.1			0			0			0			
2.138			2.115			2.108			0			0			0.1			0			0			
8.097			-1			-1			0			0			0			0.1			0			
-0			-1			-1			0			0			0			0			0.1			


124.1			124.4			124.6			0.1			0			0			0			0			
80.23			79.82			79.68			0			0.1			0			0			0			
2.138			2.105			2.115			0			0			0.1			0			0			
8.097			-1			-1			0			0			0			0.1			0			
-0			-1			-1			0			0			0			0			0.1			


124.9			124.7			124.6			0.1			0			0			0			0			
79.22			79.5			79.6			0			0.1			0			0			0			
2.111			2.116			2.105			0			0			0.1			0			0			
8.097			-1			-1			0			0			0			0.1			0			
-0			-1			-1			0			0			0			0			0.1			


124.9			124.8			124.8			0.1			0			0			0			0			
79.02			79.21			79.29			0			0.1			0			0			0			
2.182			2.129			2.116			0			0			0.1			0			0			
8.097			-1			-1			0			0			0			0.1			0			
-0			-1			-1			0			0			0			0			0.1			


124.9			125			125			0.1			0			0			0			0			
78.81			78.9			78.94			0			0.1			0			0			0			
2.138			2.12			2.129			0			0			0.1			0			0			
8.097			-1			-1			0			0			0			0.1			0			
-0			-1			-1			0			0			0			0			0.1			


125.3			125.2			125.1			0.1			0			0			0			0			
78.61			78.63			78.64			0			0.1			0			0			0			
2.07			2.119			2.12			0			0			0.1			0			0			
8.097			-1			-1			0			0			0			0.1			0			
-0			-1			-1			0			0			0			0			0.1			


125.3			125.4			125.4			0.1			0			0			0			0			
78.41			78.34			78.31			0			0.1			0			0			0			
2.138			2.123			2.119			0			0			0.1			0			0			
8.097			-1			-1			0			0			0			0.1			0			
-0			-1			-1			0			0			0			0			0.1			


125.7			125.7			125.6			0.1			0			0			0			0			
78.2			77.99			77.9			0			0.1			0			0			0			
1.997			2.116			2.123			0			0			0.1			0			0			
8.097			-1			-1			0			0			0			0.1			0			
-0			-1			-1			0			0			0			0			0.1			


125.7			125.9			126			0.1			0			0			0			0			
77.8			77.53			77.43			0			0.1			0			0			0			
2.138			2.116			2.116			0			0			0.1			0			0			
8.097			-1			-1			0			0			0			0.1			0			
-0			-1			-1			0			0			0			0			0.1			


126.1			126.1			126.1			0.1			0			0			0			0			
76.98			77.16			77.22			0			0.1			0			0			0			
2.138			2.111			2.116			0			0			0.1			0			0			
8.097			-1			-1			0			0			0			0.1			0			
-0			-1			-1			0			0			0			0			0.1			


126.5			126.4			126.4			0.1			0			0			0			0			
76.78			76.72			76.69			0			0.1			0			0			0			
2.07			2.12			2.111			0			0			0.1			0			0			
8.097			-1			-1			0			0			0			0.1			0			
-0			-1			-1			0			0			0			0			0.1			


126.8			126.8			126.8			0.1			0			0			0			0			
76.38			76.26			76.22			0			0.1			0			0			0			
2.07			2.117			2.12			0			0			0.1			0			0			
8.097			-1			-1			0			0			0			0.1			0			
-0			-1			-1			0			0			0			0			0.1			


127			127			127			0.1			0			0			0			0			
75.97			75.93			75.91			0			0.1			0			0			0			
2.138			2.123			2.117			0			0			0.1			0			0			
8.097			-1			-1			0			0			0			0.1			0			
-0			-1			-1			0			0			0			0			0.1			


127.4			127.3			127.2			0.1			0			0			0			0			
75.56			75.52			75.5			0			0.1			0			0			0			
2.034			2.116			2.123			0			0			0.1			0			0			
8.097			-1			-1			0			0			0			0.1			0			
-0			-1			-1			0			0			0			0			0.1			


127.4			127.5			127.6			0.1			0			0			0			0			
75.16			75.01			74.97			0			0.1			0			0			0			
2.138			2.108			2.116			0			0			0.1			0			0			
8.097			-1			-1			0			0			0			0.1			0			
-0			-1			-1			0			0			0			0			0.1			


127.8			127.7			127.7			0.1			0			0			0			0			
74.55			74.68			74.73			0			0.1			0			0			0			
2.138			2.112			2.108			0			0			0.1			0			0			
8.097			-1			-1			0			0			0			0.1			0			
-0			-1			-1			0			0			0			0			0.1			


128.2			128			127.9			0.1			0			0			0			0			
74.14			74.29			74.34			0			0.1			0			0			0			
2.111			2.122			2.112			0			0			0.1			0			0			
8.097			-1			-1			0			0			0			0.1			0			
-0			-1			-1			0			0			0			0			0.1			


128.2			128.2			128.2			0.1			0			0			0			0			
73.73			73.91			73.98			0			0.1			0			0			0			
2.182			2.124			2.122			0			0			0.1			0			0			
8.097			-1			-1			0			0			0			0.1			0			
-0			-1			-1			0			0			0			0			0.1			


128.6			128.4			128.3			0.1			0			0			0			0			
73.53			73.65			73.69			0			0.1			0			0			0			
2.034			2.112			2.124			0			0			0.1			0			0			
8.097			-1			-1			0			0			0			0.1			0			
-0			-1			-1			0			0			0			0			0.1			


128.6			128.6			128.6			0.1			0			0			0			0			
73.33			73.36			73.37			0			0.1			0			0			0			
2.07			2.102			2.112			0			0			0.1			0			0			
8.097			-1			-1			0			0			0			0.1			0			
-0			-1			-1			0			0			0			0			0.1			


128.6			128.7			128.7			0.1			0			0			0			0			
73.13			73.1			73.09			0			0.1			0			0			0			
2.138			2.103			2.102			0			0			0.1			0			0			
8.097			-1			-1			0			0			0			0.1			0			
-0			-1			-1			0			0			0			0			0.1			


129			128.9			128.8			0.1			0			0			0			0			
72.92			72.89			72.88			0			0.1			0			0			0			
2.07			2.107			2.103			0			0			0.1			0			0			
8.097			-1			-1			0			0			0			0.1			0			
-0			-1			-1			0			0			0			0			0.1			


129			129			129			0.1			0			0			0			0			
72.72			72.61			72.57			0			0.1			0			0			0			
2.07			2.1			2.107			0			0			0.1			0			0			
8.097			-1			-1			0			0			0			0.1			0			
-0			-1			-1			0			0			0			0			0.1			


129			129.1			129.2			0.1			0			0			0			0			
72.31			72.37			72.39			0			0.1			0			0			0			
2.182			2.106			2.1			0			0			0.1			0			0			
8.097			-1			-1			0			0			0			0.1			0			
-0			-1			-1			0			0			0			0			0.1			


129.2			129.3			129.3			0.1			0			0			0			0			
72.11			72.06			72.04			0			0.1			0			0			0			
2.111			2.102			2.106			0			0			0.1			0			0			
8.097			-1			-1			0			0			0			0.1			0			
-0			-1			-1			0			0			0			0			0.1			


129.6			129.5			129.4			0.1			0			0			0			0			
71.7			71.8			71.84			0			0.1			0			0			0			
2.07			2.102			2.102			0			0			0.1			0			0			
8.097			-1			-1			0			0			0			0.1			0			
-0			-1			-1			0			0			0			0			0.1			


129.8			129.7			129.6			0.1			0			0			0			0			
71.5			71.49			71.48			0			0.1			0			0			0			
2.111			2.116			2.102			0			0			0.1			0			0			
8.097			-1			-1			0			0			0			0.1			0			
-0			-1			-1			0			0			0			0			0.1			


129.8			129.9			129.9			0.1			0			0			0			0			
71.3			71.2			71.16			0			0.1			0			0			0			
2.07			2.104			2.116			0			0			0.1			0			0			
8.097			-1			-1			0			0			0			0.1			0			
-0			-1			-1			0			0			0			0			0.1			


130			130			130			0.1			0			0			0			0			
70.89			70.95			70.97			0			0.1			0			0			0			
2.138			2.109			2.104			0			0			0.1			0			0			
8.097			-1			-1			0			0			0			0.1			0			
-0			-1			-1			0			0			0			0			0.1			


130.2			130.2			130.2			0.1			0			0			0			0			
70.69			70.65			70.63			0			0.1			0			0			0			
2.138			2.12			2.109			0			0			0.1			0			0			
8.097			-1			-1			0			0			0			0.1			0			
-0			-1			-1			0			0			0			0			0.1			


130.4			130.5			130.5			0.1			0			0			0			0			
70.28			70.17			70.12			0			0.1			0			0			0			
2.182			2.133			2.12			0			0			0.1			0			0			
8.097			-1			-1			0			0			0			0.1			0			
-0			-1			-1			0			0			0			0			0.1			


130.6			130.7			130.7			0.1			0			0			0			0			
69.88			69.83			69.82			0			0.1			0			0			0			
2.182			2.139			2.133			0			0			0.1			0			0			
8.097			-1			-1			0			0			0			0.1			0			
-0			-1			-1			0			0			0			0			0.1			


131			130.9			130.9			0.1			0			0			0			0			
69.47			69.48			69.49			0			0.1			0			0			0			
2.07			2.247			2.292			0			0			0.1			0			0			
6.44			-1			-1			0			0			0			0.1			0			
2.43			-1			-1			0			0			0			0			0.1			


131			131.1			131.2			0.1			0			0			0			0			
69.06			69.12			69.17			0			0.1			0			0			0			
2.304			2.358			2.398			0			0			0.1			0			0			
6.44			-1			-1			0			0			0			0.1			0			
2.43			-1			-1			0			0			0			0			0.1			


131.4			131.4			131.4			0.1			0			0			0			0			
68.66			68.79			68.84			0			0.1			0			0			0			
2.531			2.505			2.509			0			0			0.1			0			0			
6.44			-1			-1			0			0			0			0.1			0			
2.43			-1			-1			0			0			0			0			0.1			


131.6			131.8			131.8			0.1			0			0			0			0			
68.66			68.51			68.47			0			0.1			0			0			0			
2.575			2.676			2.707			0			0			0.1			0			0			
6.44			-1			-1			0			0			0			0.1			0			
2.43			-1			-1			0			0			0			0			0.1			


132			132.1			132.1			0.1			0			0			0			0			
68.25			68.32			68.35			0			0.1			0			0			0			
2.82			2.8			2.807			0			0			0.1			0			0			
6.44			-1			-1			0			0			0			0.1			0			
2.43			-1			-1			0			0			0			0			0.1			


132.2			132.3			132.4			0.1			0			0			0			0			
68.25			68.22			68.21			0			0.1			0			0			0			
2.897			2.914			2.922			0			0			0.1			0			0			
6.44			-1			-1			0			0			0			0.1			0			
2.43			-1			-1			0			0			0			0			0.1			


132.4			132.8			132.9			0.1			0			0			0			0			
68.25			68.11			68.08			0			0.1			0			0			0			
2.989			-3.17			-3.134			0			0			0.1			0			0			
6.44			-1			-1			0			0			0			0.1			0			
2.43			-1			-1			0			0			0			0			0.1			


133.3			133.3			133.4			0.1			0			0			0			0			
68.25			68.14			68.09			0			0.1			0			0			0			
-3.065			-2.96			-2.949			0			0			0.1			0			0			
6.44			-1			-1			0			0			0			0.1			0			
2.43			-1			-1			0			0			0			0			0.1			


133.9			133.8			133.7			0.1			0			0			0			0			
68.25			68.22			68.2			0			0.1			0			0			0			
-2.82			-2.815			-2.819			0			0			0.1			0			0			
6.44			-1			-1			0			0			0			0.1			0			
2.43			-1			-1			0			0			0			0			0.1			


134.5			134.1			134			0.1			0			0			0			0			
68.45			68.37			68.31			0			0.1			0			0			0			
-2.575			-2.67			-2.708			0			0			0.1			0			0			
6.44			-1			-1			0			0			0			0.1			0			
2.43			-1			-1			0			0			0			0			0.1			


134.7			134.5			134.5			0.1			0			0			0			0			
68.66			68.57			68.53			0			0.1			0			0			0			
-2.531			-2.533			-2.539			0			0			0.1			0			0			
6.44			-1			-1			0			0			0			0.1			0			
2.43			-1			-1			0			0			0			0			0.1			


134.7			134.8			134.8			0.1			0			0			0			0			
68.66			68.75			68.8			0			0.1			0			0			0			
-2.467			-2.407			-2.382			0			0			0.1			0			0			
6.44			-1			-1			0			0			0			0.1			0			
2.43			-1			-1			0			0			0			0			0.1			


135.1			135.2			135.2			0.1			0			0			0			0			
69.06			69.11			69.14			0			0.1			0			0			0			
-2.297			-2.211			-2.188			0			0			0.1			0			0			
6.44			-1			-1			0			0			0			0.1			0			
2.43			-1			-1			0			0			0			0			0.1			


135.5			135.6			135.6			0.1			0			0			0			0			
69.47			69.57			69.62			0			0.1			0			0			0			
-1.966			-1.973			-1.97			0			0			0.1			0			0			
6.44			-1			-1			0			0			0			0.1			0			
2.43			-1			-1			0			0			0			0			0.1			


135.5			135.6			135.7			0.1			0			0			0			0			
69.88			69.93			69.94			0			0.1			0			0			0			
-1.798			-1.802			-1.823			0			0			0.1			0			0			
2.576			-1			-1			0			0			0			0.1			0			
-0			-1			-1			0			0			0			0			0.1			


135.7			135.7			135.7			0.1			0			0			0			0			
70.08			70.09			70.09			0			0.1			0			0			0			
-1.723			-1.784			-1.802			0			0			0.1			0			0			
2.576			-1			-1			0			0			0			0.1			0			
-0			-1			-1			0			0			0			0			0.1			


135.7			135.7			135.8			0.1			0			0			0			0			
70.48			70.48			70.47			0			0.1			0			0			0			
-1.736			-1.878			-1.932			0			0			0.1			0			0			
6.413			-1			-1			0			0			0			0.1			0			
-2.42			-1			-1			0			0			0			0			0.1			


135.7			135.8			135.8			0.1			0			0			0			0			
70.48			70.77			70.87			0			0.1			0			0			0			
-1.723			-1.838			-1.878			0			0			0.1			0			0			
6.413			-1			-1			0			0			0			0.1			0			
-0			-1			-1			0			0			0			0			0.1			


135.9			135.9			135.9			0.1			0			0			0			0			
70.89			71.08			71.15			0			0.1			0			0			0			
-1.798			-1.834			-1.838			0			0			0.1			0			0			
6.413			-1			-1			0			0			0			0.1			0			
-0			-1			-1			0			0			0			0			0.1			


136.1			136			136			0.1			0			0			0			0			
71.3			71.4			71.44			0			0.1			0			0			0			
-1.723			-1.82			-1.834			0			0			0.1			0			0			
6.413			-1			-1			0			0			0			0.1			0			
-0			-1			-1			0			0			0			0			0.1			


136.1			136.1			136.1			0.1			0			0			0			0			
71.7			71.63			71.6			0			0.1			0			0			0			
-1.723			-1.796			-1.82			0			0			0.1			0			0			
6.413			-1			-1			0			0			0			0.1			0			
-0			-1			-1			0			0			0			0			0.1			


136.3			136.2			136.1			0.1			0			0			0			0			
71.91			71.86			71.84			0			0.1			0			0			0			
-1.654			-1.77			-1.796			0			0			0.1			0			0			
6.413			-1			-1			0			0			0			0.1			0			
-0			-1			-1			0			0			0			0			0.1			


136.1			136.2			136.2			0.1			0			0			0			0			
72.11			72.13			72.14			0			0.1			0			0			0			
-1.723			-1.75			-1.77			0			0			0.1			0			0			
6.413			-1			-1			0			0			0			0.1			0			
-0			-1			-1			0			0			0			0			0.1			


136.1			136.2			136.2			0.1			0			0			0			0			
72.11			72.27			72.33			0			0.1			0			0			0			
-1.798			-1.758			-1.75			0			0			0.1			0			0			
6.413			-1			-1			0			0			0			0.1			0			
-0			-1			-1			0			0			0			0			0.1			


136.3			136.3			136.3			0.1			0			0			0			0			
72.52			72.64			72.69			0			0.1			0			0			0			
-1.723			-1.755			-1.758			0			0			0.1			0			0			
6.413			-1			-1			0			0			0			0.1			0			
-0			-1			-1			0			0			0			0			0.1			


136.5			136.4			136.3			0.1			0			0			0			0			
72.92			73.01			73.05			0			0.1			0			0			0			
-1.723			-1.763			-1.755			0			0			0.1			0			0			
6.413			-1			-1			0			0			0			0.1			0			
-0			-1			-1			0			0			0			0			0.1			


136.5			136.5			136.4			0.1			0			0			0			0			
73.33			73.28			73.27			0			0.1			0			0			0			
-1.723			-1.756			-1.763			0			0			0.1			0			0			
6.413			-1			-1			0			0			0			0.1			0			
-0			-1			-1			0			0			0			0			0.1			


136.5			136.5			136.5			0.1			0			0			0			0			
73.33			73.59			73.68			0			0.1			0			0			0			
-1.723			-1.751			-1.756			0			0			0.1			0			0			
6.413			-1			-1			0			0			0			0.1			0			
-0			-1			-1			0			0			0			0			0.1			


136.7			136.6			136.6			0.1			0			0			0			0			
73.73			73.93			74			0			0.1			0			0			0			
-1.648			-1.74			-1.751			0			0			0.1			0			0			
6.413			-1			-1			0			0			0			0.1			0			
-0			-1			-1			0			0			0			0			0.1			


136.9			136.8			136.7			0.1			0			0			0			0			
74.34			74.46			74.5			0			0.1			0			0			0			
-1.723			-1.758			-1.74			0			0			0.1			0			0			
6.413			-1			-1			0			0			0			0.1			0			
-0			-1			-1			0			0			0			0			0.1			


136.9			136.9			136.9			0.1			0			0			0			0			
74.95			74.96			74.96			0			0.1			0			0			0			
-1.723			-1.752			-1.758			0			0			0.1			0			0			
6.413			-1			-1			0			0			0			0.1			0			
-0			-1			-1			0			0			0			0			0.1			


136.9			136.9			137			0.1			0			0			0			0			
75.36			75.35			75.35			0			0.1			0			0			0			
-1.723			-1.74			-1.752			0			0			0.1			0			0			
6.413			-1			-1			0			0			0			0.1			0			
-0			-1			-1			0			0			0			0			0.1			


137.1			137			137			0.1			0			0			0			0			
75.77			75.67			75.63			0			0.1			0			0			0			
-1.723			-1.743			-1.74			0			0			0.1			0			0			
6.413			-1			-1			0			0			0			0.1			0			
-0			-1			-1			0			0			0			0			0.1			


137.1			137.1			137.1			0.1			0			0			0			0			
76.17			76.13			76.11			0			0.1			0			0			0			
-1.798			-1.756			-1.743			0			0			0.1			0			0			
6.413			-1			-1			0			0			0			0.1			0			
-0			-1			-1			0			0			0			0			0.1			


137.3			137.2			137.2			0.1			0			0			0			0			
76.58			76.51			76.49			0			0.1			0			0			0			
-1.723			-1.759			-1.756			0			0			0.1			0			0			
6.413			-1			-1			0			0			0			0.1			0			
-0			-1			-1			0			0			0			0			0.1			


137.3			137.3			137.3			0.1			0			0			0			0			
76.98			77.02			77.03			0			0.1			0			0			0			
-1.723			-1.75			-1.759			0			0			0.1			0			0			
6.413			-1			-1			0			0			0			0.1			0			
-0			-1			-1			0			0			0			0			0.1			


137.5			137.4			137.4			0.1			0			0			0			0			
77.39			77.38			77.38			0			0.1			0			0			0			
-1.798			-1.774			-1.75			0			0			0.1			0			0			
6.413			-1			-1			0			0			0			0.1			0			
-0			-1			-1			0			0			0			0			0.1			


137.7			137.6			137.5			0.1			0			0			0			0			
77.8			77.7			77.66			0			0.1			0			0			0			
-1.736			-1.781			-1.774			0			0			0.1			0			0			
6.413			-1			-1			0			0			0			0.1			0			
-0			-1			-1			0			0			0			0			0.1			


137.9			137.7			137.6			0.1			0			0			0			0			
78.2			78.13			78.1			0			0.1			0			0			0			
-1.654			-1.772			-1.781			0			0			0.1			0			0			
6.413			-1			-1			0			0			0			0.1			0			
-0			-1			-1			0			0			0			0			0.1			


137.9			137.8			137.8			0.1			0			0			0			0			
78.61			78.54			78.52			0			0.1			0			0			0			
-1.654			-1.752			-1.772			0			0			0.1			0			0			
6.413			-1			-1			0			0			0			0.1			0			
-0			-1			-1			0			0			0			0			0.1			


137.9			137.9			137.9			0.1			0			0			0			0			
78.81			79			79.07			0			0.1			0			0			0			
-1.723			-1.749			-1.752			0			0			0.1			0			0			
6.413			-1			-1			0			0			0			0.1			0			
-0			-1			-1			0			0			0			0			0.1			


137.9			138			138			0.1			0			0			0			0			
79.22			79.45			79.53			0			0.1			0			0			0			
-1.798			-1.756			-1.749			0			0			0.1			0			0			
6.413			-1			-1			0			0			0			0.1			0			
-0			-1			-1			0			0			0			0			0.1			


137.9			138			138.1			0.1			0			0			0			0			
79.83			79.8			79.78			0			0.1			0			0			0			
-1.816			-1.757			-1.756			0			0			0.1			0			0			
6.413			-1			-1			0			0			0			0.1			0			
-0			-1			-1			0			0			0			0			0.1			


138.1			138.1			138.1			0.1			0			0			0			0			
80.03			80.14			80.18			0			0.1			0			0			0			
-1.723			-1.754			-1.757			0			0			0.1			0			0			
6.413			-1			-1			0			0			0			0.1			0			
-0			-1			-1			0			0			0			0			0.1			


138.1			138.2			138.2			0.1			0			0			0			0			
80.44			80.64			80.72			0			0.1			0			0			0			
-1.723			-1.744			-1.754			0			0			0.1			0			0			
6.413			-1			-1			0			0			0			0.1			0			
-0			-1			-1			0			0			0			0			0.1			


138.5			138.4			138.3			0.1			0			0			0			0			
81.05			81.19			81.24			0			0.1			0			0			0			
-1.713			-1.768			-1.744			0			0			0.1			0			0			
6.413			-1			-1			0			0			0			0.1			0			
-0			-1			-1			0			0			0			0			0.1			


138.5			138.5			138.5			0.1			0			0			0			0			
81.86			81.66			81.59			0			0.1			0			0			0			
-1.723			-1.76			-1.768			0			0			0.1			0			0			
6.413			-1			-1			0			0			0			0.1			0			
-0			-1			-1			0			0			0			0			0.1			


138.7			138.6			138.5			0.1			0			0			0			0			
82.06			81.96			81.92			0			0.1			0			0			0			
-1.713			-1.762			-1.76			0			0			0.1			0			0			
6.413			-1			-1			0			0			0			0.1			0			
-0			-1			-1			0			0			0			0			0.1			


138.7			138.7			138.6			0.1			0			0			0			0			
82.47			82.24			82.15			0			0.1			0			0			0			
-1.723			-1.756			-1.762			0			0			0.1			0			0			
6.413			-1			-1			0			0			0			0.1			0			
-0			-1			-1			0			0			0			0			0.1			


138.7			138.7			138.7			0.1			0			0			0			0			
82.67			82.65			82.64			0			0.1			0			0			0			
-1.723			-1.747			-1.756			0			0			0.1			0			0			
6.413			-1			-1			0			0			0			0.1			0			
-0			-1			-1			0			0			0			0			0.1			


138.7			138.8			138.8			0.1			0			0			0			0			
83.08			82.98			82.94			0			0.1			0			0			0			
-1.798			-1.754			-1.747			0			0			0.1			0			0			
6.413			-1			-1			0			0			0			0.1			0			
-0			-1			-1			0			0			0			0			0.1			


138.9			138.9			138.8			0.1			0			0			0			0			
83.08			83.22			83.27			0			0.1			0			0			0			
-1.723			-1.758			-1.754			0			0			0.1			0			0			
6.413			-1			-1			0			0			0			0.1			0			
-0			-1			-1			0			0			0			0			0.1			


138.9			138.9			138.9			0.1			0			0			0			0			
83.69			83.52			83.46			0			0.1			0			0			0			
-1.723			-1.748			-1.758			0			0			0.1			0			0			
6.413			-1			-1			0			0			0			0.1			0			
-0			-1			-1			0			0			0			0			0.1			


139.1			139			139			0.1			0			0			0			0			
83.89			83.81			83.77			0			0.1			0			0			0			
-1.648			-1.734			-1.748			0			0			0.1			0			0			
6.413			-1			-1			0			0			0			0.1			0			
-0			-1			-1			0			0			0			0			0.1			


139.1			139.1			139			0.1			0			0			0			0			
83.89			83.97			84			0			0.1			0			0			0			
-1.642			-1.718			-1.734			0			0			0.1			0			0			
6.413			-1			-1			0			0			0			0.1			0			
-0			-1			-1			0			0			0			0			0.1			


139.1			139.1			139.1			0.1			0			0			0			0			
84.3			84.2			84.17			0			0.1			0			0			0			
-1.798			-1.74			-1.718			0			0			0.1			0			0			
6.413			-1			-1			0			0			0			0.1			0			
-0			-1			-1			0			0			0			0			0.1			


139.3			139.2			139.1			0.1			0			0			0			0			
84.3			84.37			84.4			0			0.1			0			0			0			
-1.713			-1.745			-1.74			0			0			0.1			0			0			
6.413			-1			-1			0			0			0			0.1			0			
-0			-1			-1			0			0			0			0			0.1			


139.3			139.3			139.2			0.1			0			0			0			0			
84.7			84.63			84.6			0			0.1			0			0			0			
-1.723			-1.744			-1.745			0			0			0.1			0			0			
6.413			-1			-1			0			0			0			0.1			0			
-0			-1			-1			0			0			0			0			0.1			


139.3			139.3			139.3			0.1			0			0			0			0			
84.91			84.9			84.89			0			0.1			0			0			0			
-1.723			-1.74			-1.744			0			0			0.1			0			0			
6.413			-1			-1			0			0			0			0.1			0			
-0			-1			-1			0			0			0			0			0.1			


139.3			139.4			139.4			0.1			0			0			0			0			
85.11			85.1			85.1			0			0.1			0			0			0			
-1.723			-1.735			-1.74			0			0			0.1			0			0			
6.413			-1			-1			0			0			0			0.1			0			
-0			-1			-1			0			0			0			0			0.1			


139.5			139.4			139.4			0.1			0			0			0			0			
85.11			85.25			85.3			0			0.1			0			0			0			
-1.642			-1.722			-1.735			0			0			0.1			0			0			
6.413			-1			-1			0			0			0			0.1			0			
-0			-1			-1			0			0			0			0			0.1			


139.5			139.5			139.5			0.1			0			0			0			0			
85.52			85.54			85.54			0			0.1			0			0			0			
-1.648			-1.708			-1.722			0			0			0.1			0			0			
6.413			-1			-1			0			0			0			0.1			0			
-0			-1			-1			0			0			0			0			0.1			


139.5			139.5			139.5			0.1			0			0			0			0			
85.72			85.73			85.73			0			0.1			0			0			0			
-1.648			-1.694			-1.708			0			0			0.1			0			0			
6.413			-1			-1			0			0			0			0.1			0			
-0			-1			-1			0			0			0			0			0.1			


139.5			139.6			139.6			0.1			0			0			0			0			
85.92			86			86.03			0			0.1			0			0			0			
-1.723			-1.702			-1.694			0			0			0.1			0			0			
6.413			-1			-1			0			0			0			0.1			0			
-0			-1			-1			0			0			0			0			0.1			


139.5			139.6			139.6			0.1			0			0			0			0			
86.33			86.24			86.2			0			0.1			0			0			0			
-1.798			-1.723			-1.702			0			0			0.1			0			0			
6.413			-1			-1			0			0			0			0.1			0			
-0			-1			-1			0			0			0			0			0.1			


139.5			139.6			139.6			0.1			0			0			0			0			
86.53			86.52			86.52			0			0.1			0			0			0			
-1.798			-1.737			-1.723			0			0			0.1			0			0			
6.413			-1			-1			0			0			0			0.1			0			
-0			-1			-1			0			0			0			0			0.1			


139.8			139.7			139.7			0.1			0			0			0			0			
86.73			87.05			87.16			0			0.1			0			0			0			
-1.723			-1.745			-1.737			0			0			0.1			0			0			
6.413			-1			-1			0			0			0			0.1			0			
-0			-1			-1			0			0			0			0			0.1			


140			139.9			139.8			0.1			0			0			0			0			
87.55			87.61			87.63			0			0.1			0			0			0			
-1.654			-1.739			-1.745			0			0			0.1			0			0			
6.413			-1			-1			0			0			0			0.1			0			
-0			-1			-1			0			0			0			0			0.1			


140.2			140			139.9			0.1			0			0			0			0			
87.95			87.97			87.98			0			0.1			0			0			0			
-1.723			-1.757			-1.739			0			0			0.1			0			0			
6.413			-1			-1			0			0			0			0.1			0			
-0			-1			-1			0			0			0			0			0.1			


140.2			140.1			140.1			0.1			0			0			0			0			
88.36			88.35			88.35			0			0.1			0			0			0			
-1.723			-1.755			-1.757			0			0			0.1			0			0			
6.413			-1			-1			0			0			0			0.1			0			
-0			-1			-1			0			0			0			0			0.1			


140.2			140.2			140.2			0.1			0			0			0			0			
88.56			88.71			88.76			0			0.1			0			0			0			
-1.713			-1.626			-1.598			0			0			0.1			0			0			
6.413			-1			-1			0			0			0			0.1			0			
2.42			-1			-1			0			0			0			0			0.1			


140.4			140.3			140.2			0.1			0			0			0			0			
88.97			89.07			89.11			0			0.1			0			0			0			
-1.642			-1.529			-1.474			0			0			0.1			0			0			
6.413			-1			-1			0			0			0			0.1			0			
2.42			-1			-1			0			0			0			0			0.1			


140.4			140.3			140.3			0.1			0			0			0			0			
89.38			89.44			89.47			0			0.1			0			0			0			
-1.499			-1.416			-1.377			0			0			0.1			0			0			
6.413			-1			-1			0			0			0			0.1			0			
2.42			-1			-1			0			0			0			0			0.1			


140.4			140.3			140.3			0.1			0			0			0			0			
89.78			89.73			89.72			0			0.1			0			0			0			
-1.36			-1.331			-1.312			0			0			0.1			0			0			
6.413			-1			-1			0			0			0			0.1			0			
2.42			-1			-1			0			0			0			0			0.1			


140.2			140.2			140.2			0.1			0			0			0			0			
89.98			90.01			90.02			0			0.1			0			0			0			
-1.272			-1.227			-1.22			0			0			0.1			0			0			
6.413			-1			-1			0			0			0			0.1			0			
2.42			-1			-1			0			0			0			0			0.1			


140.4			140.2			140.2			0.1			0			0			0			0			
90.39			90.17			90.09			0			0.1			0			0			0			
-1.204			-1.232			-1.227			0			0			0.1			0			0			
2.576			-1			-1			0			0			0			0.1			0			
-0			-1			-1			0			0			0			0			0.1			


140.2			140.2			140.2			0.1			0			0			0			0			
90.39			90.29			90.25			0			0.1			0			0			0			
-1.272			-1.242			-1.232			0			0			0.1			0			0			
2.576			-1			-1			0			0			0			0.1			0			
-0			-1			-1			0			0			0			0			0.1			


140.4			140.2			140.2			0.1			0			0			0			0			
90.39			90.4			90.4			0			0.1			0			0			0			
-1.204			-1.239			-1.242			0			0			0.1			0			0			
2.576			-1			-1			0			0			0			0.1			0			
-0			-1			-1			0			0			0			0			0.1			


140.2			140.1			140.1			0.1			0			0			0			0			
90.39			90.59			90.67			0			0.1			0			0			0			
-1.272			-1.325			-1.348			0			0			0.1			0			0			
6.44			-1			-1			0			0			0			0.1			0			
-2.43			-1			-1			0			0			0			0			0.1			


140.2			140.1			140.1			0.1			0			0			0			0			
90.59			90.74			90.79			0			0.1			0			0			0			
-1.438			-1.414			-1.403			0			0			0.1			0			0			
6.44			-1			-1			0			0			0			0.1			0			
-2.43			-1			-1			0			0			0			0			0.1			


140.2			140.1			140.1			0.1			0			0			0			0			
91			90.98			90.97			0			0.1			0			0			0			
-1.429			-1.424			-1.414			0			0			0.1			0			0			
7.139			-1			-1			0			0			0			0.1			0			
-0			-1			-1			0			0			0			0			0.1			


140.2			140.1			140			0.1			0			0			0			0			
91.2			91.28			91.31			0			0.1			0			0			0			
-1.429			-1.432			-1.424			0			0			0.1			0			0			
7.139			-1			-1			0			0			0			0.1			0			
-0			-1			-1			0			0			0			0			0.1			


140.2			140.1			140			0.1			0			0			0			0			
91.41			91.49			91.51			0			0.1			0			0			0			
-1.429			-1.438			-1.432			0			0			0.1			0			0			
7.139			-1			-1			0			0			0			0.1			0			
-0			-1			-1			0			0			0			0			0.1			


140.2			140			140			0.1			0			0			0			0			
91.81			92.01			92.09			0			0.1			0			0			0			
-1.418			-1.445			-1.438			0			0			0.1			0			0			
7.139			-1			-1			0			0			0			0.1			0			
-0			-1			-1			0			0			0			0			0.1			


140			140			140			0.1			0			0			0			0			
92.22			92.27			92.28			0			0.1			0			0			0			
-1.494			-1.451			-1.445			0			0			0.1			0			0			
7.139			-1			-1			0			0			0			0.1			0			
-0			-1			-1			0			0			0			0			0.1			


140			140			140			0.1			0			0			0			0			
92.42			92.47			92.49			0			0.1			0			0			0			
-1.429			-1.444			-1.451			0			0			0.1			0			0			
7.139			-1			-1			0			0			0			0.1			0			
-0			-1			-1			0			0			0			0			0.1			


140			139.9			139.9			0.1			0			0			0			0			
92.63			92.75			92.8			0			0.1			0			0			0			
-1.36			-1.424			-1.444			0			0			0.1			0			0			
7.139			-1			-1			0			0			0			0.1			0			
-0			-1			-1			0			0			0			0			0.1			


140			139.9			139.9			0.1			0			0			0			0			
93.03			92.99			92.97			0			0.1			0			0			0			
-1.36			-1.412			-1.424			0			0			0.1			0			0			
7.139			-1			-1			0			0			0			0.1			0			
-0			-1			-1			0			0			0			0			0.1			


139.8			139.8			139.9			0.1			0			0			0			0			
93.44			93.35			93.32			0			0.1			0			0			0			
-1.418			-1.407			-1.412			0			0			0.1			0			0			
7.139			-1			-1			0			0			0			0.1			0			
-0			-1			-1			0			0			0			0			0.1			


139.8			139.8			139.8			0.1			0			0			0			0			
93.44			93.61			93.67			0			0.1			0			0			0			
-1.429			-1.408			-1.407			0			0			0.1			0			0			
7.139			-1			-1			0			0			0			0.1			0			
-0			-1			-1			0			0			0			0			0.1			


139.8			139.7			139.7			0.1			0			0			0			0			
94.05			93.89			93.84			0			0.1			0			0			0			
-1.429			-1.418			-1.408			0			0			0.1			0			0			
7.139			-1			-1			0			0			0			0.1			0			
-0			-1			-1			0			0			0			0			0.1			


139.8			139.7			139.7			0.1			0			0			0			0			
94.25			94.21			94.2			0			0.1			0			0			0			
-1.429			-1.425			-1.418			0			0			0.1			0			0			
7.139			-1			-1			0			0			0			0.1			0			
-0			-1			-1			0			0			0			0			0.1			


139.8			139.7			139.7			0.1			0			0			0			0			
94.45			94.46			94.46			0			0.1			0			0			0			
-1.429			-1.432			-1.425			0			0			0.1			0			0			
7.139			-1			-1			0			0			0			0.1			0			
-0			-1			-1			0			0			0			0			0.1			


139.8			139.7			139.7			0.1			0			0			0			0			
94.66			94.67			94.68			0			0.1			0			0			0			
-1.429			-1.436			-1.432			0			0			0.1			0			0			
7.139			-1			-1			0			0			0			0.1			0			
-0			-1			-1			0			0			0			0			0.1			


139.8			139.7			139.6			0.1			0			0			0			0			
95.06			95.02			95			0			0.1			0			0			0			
-1.429			-1.443			-1.436			0			0			0.1			0			0			
7.139			-1			-1			0			0			0			0.1			0			
-0			-1			-1			0			0			0			0			0.1			


139.8			139.7			139.6			0.1			0			0			0			0			
95.27			95.43			95.5			0			0.1			0			0			0			
-1.429			-1.449			-1.443			0			0			0.1			0			0			
7.139			-1			-1			0			0			0			0.1			0			
-0			-1			-1			0			0			0			0			0.1			


139.8			139.7			139.6			0.1			0			0			0			0			
95.67			95.71			95.72			0			0.1			0			0			0			
-1.429			-1.454			-1.449			0			0			0.1			0			0			
7.139			-1			-1			0			0			0			0.1			0			
-0			-1			-1			0			0			0			0			0.1			


