0.28
0.043
0.032
0.046
0.047
0.047
0.093
0.082
0.059
0.05
0.062
0.044
0.079
0.065
0.063
0.089
0.051
0.042
0.082
0.064
0.077
0.082
0.059
0.062
0.082
0.059
0.042
0.062
0.071
0.078
0.09
0.062
0.043
0.08
0.064
0.047
0.092
0.062
0.065
0.077
0.062
0.063
0.083
0.086
0.064
0.062
0.092
0.077
0.066
0.062
0.078
0.063
0.042
0.031
0.032
0.064
0.078
0.112
0.077
0.062
0.064
0.043
0.031
0.031
0.047
0.047
0.047
0.047
0.045
0.032
0.109
0.032
0.031
0.04
0.038
0.047
0.063
0.08
0.044
0.067
0.073
0.051
0.062
0.08
0.041
0.048
0.046
0.031
0.04
0.038
0.032
0.046
0.031
0.047
0.032
0.046
0.047
0.032
0.046
0.077
0.051
0.063
0.062
0.062
0.083
0.054
0.05
0.097
0.091
0.058
0.044
0.054
0.062
0.09
0.099
0.062
0.062
0.061
0.064
0.061
0.058
0.032
0.034
0.044
0.032
0.066
0.065
0.04
0.063
0.066
0.091
0.08
0.062
0.044
0.07
0.058
0.082
0.058
0.044
0.065
0.062
0.084
0.084
0.053
0.061
0.092
0.095
0.064
0.041
0.031
0.064
0.046
0.047
0.038
0.04
0.031
0.031
0.031
0.036
0.042
0.032
0.032
0.046
0.031
0.047
0.032
0.045
0.101
0.093
0.058
0.061
0.065
0.063
0.063
0.043
0.046
0.032
0.034
0.044
0.045
0.032
0.032
0.047
0.033
0.085
0.038
0.031
0.047
0.031
0.047
0.046
0.032
0.043
0.035
0.031
0.047
0.067
0.041
